2.50028119074817
2.5781394653638
2.72185122392312
2.80089810209313
2.46054816321337
2.47262146942589
2.81525235119422
2.31143049502132
3.26929801535125
2.38512218515873
2.73486186833717
2.74463843250409
3.02147592680218
2.35193120267207
3.13031729077003
2.96687944661946
3.22763168284486
3.01683081777609
3.23201705707455
2.91943201045214
3.31310715981204
2.7435880078397
2.59723465272675
2.55284323385766
2.29460627223868
2.46202729735532
2.68891823694229
2.68459431677831
2.64354735140436
2.66020930660713
2.72796628657302
2.51246831773195
2.39213332140378
2.16102997082061
2.60330777999202
2.38772833889205
2.537293642491
2.88300367072249
2.59378060873031
2.44734361731398
2.50123820016226
2.61013091696072
2.45983915494555
2.3159384251994
2.3023211569323
2.31301405288894
2.3516297443889
2.33316329469783
2.34541508009282
2.49639267454859
2.27489875864786
2.21165104802495
2.26109734889049
2.4592167219825
2.65423975464542
2.54850932423662
2.83652842798997
2.4056281876476
2.27884271715625
2.46740695872335
2.40631312929284
2.40073337278682
2.57627755752237
2.5020704640372
2.35033349453507
2.52672214367564
2.49757402555464
2.5071918552868
2.17730809811664
2.21563475120922
2.23423012989017
2.07085680680169
2.26331164182352
2.30206700626101
2.41091211620281
2.53489750638087
2.64822564633961
2.52848083654103
2.34338755910194
2.36018468376405
2.59635353826626
2.66294765153771
2.39237160979567
2.39581247898826
2.34958264056947
2.04704753571298
2.49382550057485
2.2668518413123
2.24734707865182
2.34916676491805
2.51631952253982
2.49337641990652
2.76803254862255
2.34664128898901
2.29325587654212
2.52319339631052
2.23406309051016
2.55026938031734
2.55887124785518
2.52534580559398
2.2788685912093
2.23495975061453
2.50445633554307
2.44365013328911
2.15930911104199
2.28372081740547
2.37196305064089
2.35645642291213
2.0994833539668
2.32650484589014
2.56847136363923
2.27586593122307
2.49311411181332
2.64642319862217
2.58248120809023
2.4764136289654
2.47703612114555
2.48547858661812
2.51485763339289
2.54936169971407
2.81231384809617
2.60649249945305
2.4732546041401
2.65599146579171
2.53464509371891
2.39835810646621
2.23514081822247
1.96339995962803
2.35700638417141
2.48491048924601
2.4536985370076
2.49268850733838
2.38338367447906
2.63358623848112
2.73567366241819
2.41061050898121
2.45109388559187
2.52533689638173
2.49544665743762
2.52097326475379
3.33287795258744
2.76350841779245
2.53629852811407
2.63413203975685
2.72406837705781
2.52350390223829
2.61616960879231
2.74240848343444
2.87072106145742
3.70096928837087
3.27274502770098
3.09694044194777
2.75089845504863
2.29861119040589
2.52907686928403
2.70445627464799
2.57142307778728
2.48587977063673
2.75796493054895
3.04364648455659
2.64590216733407
3.48457975614486
3.2048978400225
3.50782050991614
3.10874529956233
2.82985791633754
2.60247551643465
2.61144804986117
2.72634534237788
2.83816608499377
2.66506521825536
2.75810551786801
2.72674738934608
2.7570221565184
2.78223447259027
2.69606680324995
2.43766282976245
2.61497006811256
2.57443053168872
2.5513818240051
2.59922628075227
2.58391491222612
2.80502328817049
2.85662580277606
3.28315959221725
2.68899012290105
2.96085159395809
3.16523699132337
3.17501209484077
3.03664521435167
3.02593487134016
2.91027185986701
2.98771997003052
3.21694826298049
2.60429406586932
3.04742118208228
3.28996204373119
3.44982912438968
3.17671224744551
3.23115602232409
3.07225040624688
3.03088568832686
3.09178064586643
2.8471908794236
2.88283029414168
2.94162310990982
2.86414313604813
2.9632993949505
2.74360267486949
2.90322337560904
2.99165154940713
2.8916983648879
3.00466056906939
2.67743076059534
2.71165403395478
2.75297694676771
2.74164629899374
2.91748398642371
2.53152471642213
2.46618489318418
2.54030020112111
2.51932985308375
2.64939084613718
2.75142588427431
2.54558424942362
2.57394730542427
2.57800268205339
2.42919653939062
2.72057732985825
2.67867218883993
2.67477315186153
2.73462114986191
2.94879180405519
2.50050007958283
3.10352911361554
2.71838583050554
2.69166733479347
2.658683491228
2.57151096068339
2.401015667614
2.41984487957672
2.31975960649013
2.57532816017751
2.22729322699293
2.85680645829255
2.15756702124514
2.48957888561821
2.20850136320415
2.10530680063743
2.21256901823494
2.31730042952274
2.68640429705407
2.66987974454143
2.97946666787403
2.76314026397775
2.74785362247083
3.84012193870777
2.57682265309527
2.20451045936425
2.82256908919343
2.41477558174628
2.88380856885065
3.00832656614477
2.61779188794996
2.04306489418754
2.48461513152257
2.31086888566781
2.4766264207475
2.38128023931898
2.10934673489339
2.10338353040501
2.39598660293344
2.08477022495714
2.52903589047502
2.51648197094201
2.67255266653682
2.77618544040604
3.04208312101579
2.65403117533314
2.87072832773582
2.92138272107801
2.63710479865432
2.84432547371636
2.72417372582325
2.80643986488731
2.60504032472576
2.72749212446053
3.04888058216966
2.78685430591346
2.57534375118693
2.60598842784066
2.75966650788243
2.85706641810824
2.59585378380052
2.53116458961827
2.64745234667977
2.26208861647962
2.95704658832577
2.34401977113531
2.57758352324065
2.40733922774444
2.74483772142224
2.60689602208273
2.68976314182193
2.89312880857465
2.43946649218441
2.53892659068863
2.50723452557948
2.35794555686165
2.3758624733155
2.63466845250354
2.39886157104633
2.3273100426112
2.38684403506577
2.62163076558285
2.65592197705787
2.9017046337643
2.50481027198131
2.56812808268587
2.47639073542195
2.42693580902054
2.78910326946434
2.59851952440965
2.50994763334568
2.54338125491841
2.56208546004189
2.39810512667509
2.49009079643757
2.46753661502261
2.53499343819055
2.613547516708
2.63099515305139
2.49187559232992
2.86974496344557
2.5000135603665
2.35611424992873
2.45476348019931
2.25544970193778
2.33014112840119
2.3265141826557
2.49775995852966
2.733037701022
2.45924847726273
2.49214898545684
2.5934198127652
2.37495749702484
2.56024250368474
2.24791801674807
2.4286083149976
2.45406280055233
2.53821900008243
2.11832058435727
2.33127200871711
2.38917013129352
2.42010626365852
2.36052558452449
2.45236965771566
2.22872428307185
2.41890372059779
2.25855318351947
2.3243386684804
2.22477838971388
2.1691622475506
2.49851519997791
2.31472848593255
2.21533607227304
2.0074775908657
2.39535841403612
2.38729643902186
2.33753281378733
2.18408839543058
2.39745021434644
2.22908528666564
2.33210134758283
2.11077796324244
2.58765183778982
2.57366794129688
1.86033326490853
2.38995997933499
2.52506081797796
2.41840046605566
2.36241988607589
2.62929449090623
2.72284318193123
2.68473143518957
2.29734479996296
2.18422586762372
2.14059158214522
2.19631467593727
2.01408627022944
2.18939610126588
2.38374951900288
2.29120281537822
2.26634025901164
2.24856076781909
1.98598515832838
2.099986292726
1.98968952982881
1.74714916028414
2.26203098648102
2.11808077548347
2.35349771709086
2.18046828974526
2.24846841498312
2.26993144287367
1.90189546682509
2.36622088848355
2.41468328097879
2.43212645965437
2.75646976336037
3.3319316601455
2.4133456859911
2.60426746751662
2.40789925240746
2.52321927660904
1.94872603810746
1.9976842579032
1.93313169836064
1.98576932256625
2.02607239987177
2.3429944900487
2.38271479658531
2.16553649105121
2.3598176101189
2.05987989276547
2.3223926049999
2.07398031391439
2.01582897620467
2.63038116025247
2.15404940179542
2.00663219713408
1.98996075255618
2.12018051601684
2.19796445610723
2.22672553233455
2.33707469494643
2.29768264657594
2.11122933197322
2.42596168027521
2.37516430309969
2.14137676565958
1.96414440499383
2.17278865456181
2.37872850847655
2.1938837954413
2.17496185843764
2.28489680776562
2.15473023899895
2.01421471892248
2.0894589622308
2.34024234649495
2.17953348497469
2.29315075344311
2.08650840244402
2.17763531455516
2.22501132258004
2.13417224803515
2.32002045614442
2.331177572686
2.20719964641167
2.53246984296578
2.29621477609465
2.05863536067753
2.63480826076111
2.28978755701157
2.46137207463993
2.57303729333356
2.24872945685207
2.14762878682971
1.85027616307392
2.09114095808246
2.11057898706603
2.13931025752527
3.22053387489261
2.89216357761528
3.14000232382751
2.63224095729312
2.69573680887206
2.8566225500827
2.41427549846235
2.94766477393832
2.35770929608402
2.6520092346176
2.36652909586766
2.52280864729817
2.54784170637142
2.66396845443947
2.43707821320161
2.61717190593289
2.54826091983678
2.33409697119684
2.22718174492725
1.95848378284299
1.84300546617919
2.04207925384939
2.21581175703915
2.3362880966677
2.39442765977779
2.43160995667566
2.40137827471642
2.21793390465315
2.4749931004884
2.79148363345816
2.4921585034042
2.48402313367856
2.42486070449244
2.54518043988571
2.64957387434359
2.73378953695174
2.25726430261183
2.39728122310223
2.31127475536573
2.61774595496216
2.50794117298472
2.37026290700456
2.38764043860335
2.24282074478764
2.56802035027656
2.3960501576847
2.19339465907496
2.14052590561444
2.92521371068726
2.51057578153641
2.40124600380987
2.4388564503612
2.35783974085472
2.38930669435159
2.0662987260667
2.77079812619631
2.37698842056629
2.20108227310963
2.19707784283431
2.52656013624126
2.33496638529979
2.59916653595504
2.36003549305181
2.36684176672086
2.27553680877592
2.31865512225781
2.43770630820567
2.25329750584872
2.06225209436516
2.43487170954258
2.22126501288293
2.15749334053665
2.26878907261241
2.31321847618234
2.32472005555552
1.9852617580088
2.05149631568653
2.25560709560909
2.32692046228857
2.11793305659726
2.15835917776078
2.02844046936635
2.08687420872566
1.87216180627918
2.10997802912323
1.87380878730928
2.1491067425774
2.12138396582661
1.93816432464567
2.24944584287827
1.85565135664682
2.16187868539199
2.29644386800745
2.30555014963397
2.41135354781742
2.04918796109924
2.36859566529715
2.66872724801729
2.64328180806305
2.28818998819023
2.43410465287227
2.24055760504754
2.24668976094428
2.40873392492667
2.35480275610982
2.30559687073224
2.52530732896161
2.47395120060101
2.3931235511982
2.35378333405989
2.14482549635647
1.96726443132726
2.45751900168609
2.39156669921067
2.0045631851357
1.91716986013042
2.00311845382653
2.221499830566
1.98497764911529
2.09383668764357
2.08791959227283
2.22551639527315
2.10252057512297
1.71119860225319
1.99182266567036
2.11378241537455
2.03592265948252
1.65744741671782
2.25413586408725
1.83257354582116
1.90920128784901
2.01816908390795
2.20985001086255
2.18850547511834
2.27047148297134
2.10170396895103
2.16098881037555
1.87621000347923
2.21685478456571
1.81464944466397
2.25221212821321
2.00579791941465
2.06666088428572
2.09145811667727
2.46904528422065
2.2259026003225
2.00888802679907
2.28413610168387
2.01836948199253
2.15130944932721
2.31776204168126
2.07384294686402
2.21065546021559
2.00875245063423
2.07869080080335
2.81041569319864
2.18083863158181
2.44740491033598
2.35166758640373
2.24540271127483
2.42939615601174
1.94729285849963
2.07103711732148
2.05627535933276
2.23145709028719
2.26604550472894
2.34405073037728
1.96043883228151
2.09457949116781
2.25209445713258
2.08090203160856
1.88506057739728
2.08019211398943
2.2836848708283
1.89971333533576
1.99212720207652
1.85703036614187
1.75825157261964
1.79113708628136
1.56766893586522
2.38751958231666
2.05513642979142
2.21445233719386
2.14630592178822
2.3535414869033
2.08512615753106
1.75737250275893
1.85464963890235
1.81317456001725
1.93210946292208
2.57447737468171
2.27060065422123
2.30464140620709
2.07073589464947
1.91183678070161
1.6404430011517
1.69497962842767
1.77872030171998
1.64781638394116
2.05536765353716
2.01313356117673
1.9395259274022
1.90025110694891
1.93379527112126
1.8689811993146
1.92615917187564
2.11777393071525
2.47583867477335
1.85581746452509
1.90757042193802
1.84327940196533
2.21786591177744
2.05858187996233
1.79490817646609
2.29261652993662
1.95730535843483
2.11707908061214
1.98833109783622
1.99739807204799
2.53213944303307
3.55110134947918
2.68451848550829
2.52193393900626
2.41089186619221
2.48098352841476
1.98673738478827
2.21945014540937
2.35643984293665
2.52554292128605
2.48336477770841
2.42270526489307
2.39987895925966
1.95727561444288
2.36801566728116
2.14222277085387
2.16599277805423
2.10204954115069
2.05709284853177
1.98595640259407
1.95234144756602
2.1333189554882
2.16950068275948
2.41097169888035
1.93977755857015
2.06920867887295
2.16024280408262
2.0989594916049
2.11239017305702
2.07183910227613
1.99062192425529
1.921891829926
2.02175188813207
2.11546372189635
1.86222173143747
1.96655597705862
1.72760572409771
2.0952727504175
2.04899400341627
2.10876943267645
1.9692386783649
1.90339938295786
2.15910251745865
1.89973187583346
1.85908684057413
2.07373210083554
1.88020887030797
1.62124561498801
1.95768667227036
1.84610700487148
1.98093551453857
1.97428039793494
1.9915862158186
1.79244261856554
1.92564281826136
1.97195887054057
1.89440977678775
2.34282468443288
2.23260528533222
2.20946594286673
2.14150118503011
2.02733197367434
2.32320138980102
2.4453511116827
2.01782941519068
2.17699145125761
2.32521148749692
2.10548345032258
2.36020300708968
1.81537536269694
2.29123387782365
2.22989329565934
2.19648802860085
2.18393779137331
2.20847341532622
2.21279258661456
2.00924722741028
2.17857084622531
1.95632475789196
1.92275132617838
1.74056872053938
2.0878964737893
1.9491910427903
2.13592922815662
1.96385514346165
1.87645497866582
1.96020512402925
2.06617362727338
2.03745937777965
2.9049677556373
2.30904749733934
2.80685300687454
2.20807203067503
2.20591017568306
2.4116307764207
2.35335819423012
2.13445719973585
2.14565163473212
2.00815386335907
2.19682206428499
2.14818646034997
2.14890132081376
2.50523356375003
2.45367735153081
2.09283367344276
2.19912880284764
2.2447331431058
2.55914730279646
2.17623171665476
1.83783982847953
1.94692904503078
2.13023041302194
2.20620937879556
2.26252159933187
1.97838302401475
2.326638968875
2.11491857574355
2.40230196738988
2.19550010734273
2.0427755388046
2.18004321560328
2.12499449673246
2.5123803582009
1.90896901727087
2.19312372138521
1.89652298561213
2.30371534894558
2.18510687989762
2.1390819038946
1.82882041757621
1.93550042208835
1.80205606844453
2.01363708248091
2.28539714523861
2.12900258485325
2.5341603281027
2.52646303230747
2.37755026835727
2.27371358924993
2.20679421264749
2.21973406275708
2.27176009600084
2.11084008684319
2.1305237636205
2.27230198053001
1.88796663637955
2.03025480007808
2.14349500650596
1.88959881015964
2.13409565860119
2.42281893966707
2.11409256692255
1.91643002222887
2.02617951816485
2.56318879369686
2.11722237386615
2.39972734274014
2.39501304972538
2.04948056551539
2.20013104636943
2.30024168900245
2.2540790688649
2.14273276873169
2.15712081981729
2.04479434457587
2.26607074006994
2.03332459079262
2.18208063118488
1.94363083112626
1.92812093923537
2.04474257999442
1.59108643407804
1.80370884430479
2.21282063114877
2.00702336122214
2.29348875727375
1.80153924397342
1.94994369685867
2.03565264092989
2.22450867861534
2.03701179207133
1.93741024852962
1.86522359337401
1.69937162398576
1.99358201760369
2.11194032229379
2.12331582079989
1.75894912335354
2.14415971202795
1.87796749723751
1.70583294164365
2.04274891954812
2.0175011215879
1.93382900240112
2.08572538061014
1.79732798847914
2.10901753264538
1.94139896041225
2.14648211587105
1.94122458166801
1.68510259671164
1.80354512111511
1.90490093326395
1.89182139089454
2.00654644192257
1.88136968306503
1.82840787850952
1.87978303693148
1.80972565674508
1.93466998214265
1.90977481240174
1.58844818970443
1.56666527816403
2.11288481531287
1.80522036575379
1.55753297157204
1.82746855732889
1.60811596737881
1.84356384616603
1.50547013192052
1.80890471870115
2.01401582251233
2.05820742591981
1.81274986057147
1.73771671890239
1.79907912395794
1.67330179734636
1.91418159823368
1.75199493872016
2.09064389284356
2.1075054754718
2.14470688889537
1.99468442395784
1.73690896380495
1.83703677168943
2.15232116112386
1.97895380951632
1.93414073249064
2.15740368556962
2.6151465087792
2.31218698299222
2.00346143700309
1.64245288826421
1.81521409242497
1.50954375415045
1.97587424173919
1.94422844181328
1.98035503861205
1.76768519084495
1.97609985075112
1.85752359042345
1.68812300754444
2.29086170692151
1.64244669671857
1.68531015737155
2.13975039824543
1.94569697472359
1.78455383576409
1.90489367268586
1.72126182800645
2.10387505941952
2.25051091386984
2.16137587193747
1.66334402787761
1.65826377337608
2.08029529345826
1.61219325142856
2.06361921848816
2.32964333825874
2.35295004662406
2.51186094583117
1.85911322484034
1.84265109727826
2.17429732829298
1.85968080982256
2.01672473957052
1.84680625725729
1.93918040484837
2.25015381928808
2.16377950509877
2.25196545746474
2.17845548805137
1.97702934552523
1.51028511980515
1.98042864018021
2.11872966139522
1.97172364874372
1.52397140929287
1.85226464137309
1.76409823853766
1.4187723088235
1.79833449656522
1.67105296283209
1.56600302327818
1.81589005114536
1.70704915435841
1.39699016665344
1.47123834278607
1.49661104568793
1.4567845193452
1.70156447995518
1.65721938717475
1.84685449696798
1.74945155013208
1.78377797488367
1.46919111072944
1.74867000499949
1.94403129509431
1.72858739750086
1.84472249596819
1.76791299799855
1.74007816010807
1.60367009458014
1.52221572484275
1.85622189991762
1.60272383687785
1.64840712716365
1.92248978093837
1.93189124890399
1.66279804576645
1.84210136340191
1.71330855326112
1.81810404551521
1.73354500274148
1.48752343086185
1.83290059066551
2.69060964725817
2.34719628531172
2.00783372967982
2.02458177501792
2.18538145389682
2.29708318337798
2.15431386089552
1.86274943872176
1.82562262753625
2.38692333151238
2.45281276265187
2.17491281595705
2.171862989388
2.53087518828682
2.16092460462379
1.79226257527631
2.35883758121536
2.55783475781658
2.0110952015465
2.24898378539336
1.67967567753
1.69880006353215
2.01630235344598
2.33614183016848
2.17916482859252
1.98883213458409
1.78633323998557
1.94204438359894
2.07225942811488
2.13579112391363
1.93196020834397
2.30820520635027
1.88373986739334
2.5386524706086
2.24964954141538
2.50034249577453
2.64064514569922
2.93011772262545
3.31713455876972
3.4258261517079
2.52472485488539
2.65213379811647
2.29042525965514
2.40926798299162
2.05995279294463
2.25866365846423
2.44208723440529
2.41575598101805
2.22799784292865
2.78810769702127
2.56485708131989
2.62322141039956
2.37895610614801
2.29830269648027
2.22749998148735
2.0673540363298
2.41110036533418
2.33671422338425
2.28463652442588
2.08909360030119
2.2333541473972
1.88175791160902
2.44808290386696
2.22949645024451
2.02455372640264
2.32539037450837
1.99306204413625
2.27395709037938
1.79635887990363
2.348705902156
2.27581011588762
2.02052541887774
1.4513296059064
1.94682377411008
2.0285689915226
2.29543319478442
2.01856391271996
1.96307316145285
1.79529966269448
2.04436204727497
1.50005060003574
2.19010663088624
1.75065264315533
1.97371432792355
1.96466700849012
1.64660768257075
1.82435401207221
1.77106231879374
1.71431770886518
1.85122803077718
1.74616707188346
2.21414228202355
2.23449382072497
2.43256075366154
1.94830854218611
2.04840721150227
2.72436607809221
2.41849303086655
2.5365922134288
2.42041079678506
2.305606959088
2.09760761774571
2.16955116741644
2.17760865219549
1.99779312510315
2.22514704785491
2.23561424126556
2.18565644207091
2.01392363048486
2.05208793195751
1.86236906662717
1.91255158699711
1.78557030445182
2.01613334124727
1.87399249663462
1.75150767473683
1.53368001065612
1.46312977563197
1.555330167154
1.49886834829093
1.85195552285483
1.66219672710159
1.797603800855
1.67335651735634
1.60510017465006
1.89076971067467
1.47185569260888
1.68810400598456
2.08552395182978
1.8268939630581
1.54430658335856
2.59143273571505
1.55923975952715
1.95053875519452
1.75807516520661
1.70865279745349
1.80771251637904
1.93550796215604
1.82920536906714
2.35577794258564
1.9363865319818
1.85747644160799
1.99409784326902
2.01345630463941
2.16543846730313
1.93806766597456
1.97412756101365
1.84023230395685
2.26293681472024
1.65160831219647
1.91007377784245
1.74939544956673
1.8733275298659
2.15905116984002
1.90357438999583
2.35158129455645
2.51680666791126
2.16897754273784
2.20823757881555
1.75627059032499
2.30356142477525
1.89759788366105
1.95808551417888
2.13012945184632
2.09592171330416
2.39231323354221
2.50619544102348
1.99101741305642
2.43476150709261
1.63485581873867
2.30743956694866
1.79634767390834
2.16091806855398
2.25616427999706
2.14154505095967
1.98220523937106
2.11900622228412
2.41276289221344
2.2306503758762
2.22571628114516
2.40747174924029
2.3344888187609
1.98884180112461
2.39045093903282
1.84521948174503
2.44005138207692
2.40175400029504
2.09430872886801
2.50353231593543
2.193596108278
2.19268558077627
2.64895634206821
2.42114045647897
2.10326329188301
2.05752225559595
2.91059139934259
2.24379370897904
2.28142028457202
2.32726554198701
2.11857827286082
2.8779373728599
2.9100405740382
1.93070118751724
2.29003743402964
2.36335780846752
2.29844771601887
2.38786589124975
2.56690672752253
2.34209433257784
2.40634689264245
2.21543727868349
2.43460563271522
2.51602284705675
2.16968299263153
2.12631780478153
2.27527271065216
2.17330894750303
2.0958130959099
1.72034678822001
2.07106481782041
2.17821031269259
1.81187424030924
1.52697602803434
1.62734094641617
2.06977909347714
1.72967038531509
2.09254247483616
2.18914725491371
1.89120005627777
2.16299006858583
2.03156689462234
2.02007093553537
2.20504958851037
2.02900050800664
1.93188314587404
1.78428329812171
1.94109669879423
2.05218758409348
1.91558720751555
1.89439362613952
2.04371508571676
1.73226579314657
2.17808183038308
1.95459581396639
2.1760692578117
1.99643779322423
2.07127691705642
2.17237939354557
1.73136535849648
2.14686924843557
1.83832409571305
1.70844222325691
1.80971826135314
1.8230147144338
1.93223607597642
1.55997879385088
1.80672693963575
2.09394270164085
1.83941454086122
1.7382809755958
1.4658413710609
2.12883876280606
2.02008853716278
1.76955195419937
2.15328148993796
1.95574548087805
2.01179028029393
2.05797800902587
2.15089444700125
1.96838853378194
2.46163640209951
2.00912081319761
1.71802668641726
2.2534953383322
1.82641788600959
1.86865753063964
1.9073281462072
2.06739847253534
1.98130275921704
1.61137638340451
2.19676804890112
1.93027552653175
1.92656313878457
2.07726786310272
1.66205679555429
1.74523751702421
2.56601712755102
2.36088111000535
2.68657638299817
1.79514760337227
1.84480446516344
1.85843867836073
1.70155767540218
2.19765375104342
1.7035717042247
1.95146664265441
1.83744604832279
1.79986004350495
2.2430700826021
2.06013867246698
2.16546817349291
2.06962887649587
1.85761464812395
1.95383858243948
1.98483854288028
1.85630690713251
1.81445836862094
2.16243162649834
1.84815043453462
1.76667689154187
1.85540354134611
2.37129540680063
2.44392601621343
2.10772900401544
2.50461032206297
2.25000034888574
2.22694033035829
2.06842695650038
2.01894420020941
1.84464689057941
1.91574948325965
2.28408284015742
2.23911095518646
1.97033629211477
2.15866943135277
2.44492435651126
2.30780585818573
2.53091911085525
2.20895983020825
2.3023059371293
2.54749026558433
2.76773911929544
2.41233731581155
2.16385939965834
2.18095662633512
2.09008901461645
2.34849385047611
2.58394334078953
2.03311368087781
1.91191428743063
2.23837580461494
2.09885622438239
2.08611940376675
2.02597605721331
1.9339047946124
2.01586350214063
1.9220209091629
2.17173215598376
2.16268156594498
2.48825496029862
2.39957411095117
2.14127371196951
2.1824942537013
2.44136192481372
2.31793469315521
1.93091981291145
2.09781198065761
2.20818457322477
2.10301968010419
2.25689086665721
2.06855656043604
2.29740025926336
2.87365487632221
2.44285082906837
2.19231542155336
2.19144317423176
2.08492142917612
2.17829400453146
2.02190255389674
2.08815293248391
1.951508082897
2.18048782068915
2.48904538194529
2.13946711120009
1.96596825525043
1.71382791503645
1.96332235271817
1.90971678888202
2.09125180497482
2.28504646189569
1.8991445831388
2.20896400676902
1.92105918501167
1.91219351603134
2.0998267015326
2.27939583392376
2.22115080419027
1.97189548572242
2.13591685102239
2.02710932581134
1.98337145844658
2.04725991789158
1.77482354405062
1.56521885149734
1.8005559225449
1.80496902755205
1.60996103069394
1.51340369567003
1.85275511888768
1.69027874413973
1.54407827686912
2.08224126885198
1.93789265789135
2.20666194439865
2.13824083442403
2.02434578833057
1.91055321482231
2.29656705118052
2.09926329683857
1.89903059669825
2.07024368232529
2.17274612862081
1.9066333676447
2.19801472079749
2.09186425370523
2.23361934793191
1.97125870408991
1.99896608314857
1.83482608295531
2.16653828396025
2.2275784122527
1.85280035335867
1.63606746041625
1.8216151514724
1.82189301344109
1.92552219464101
2.03892860211921
1.93041392403168
1.98042475604818
1.91299428396245
1.68555467821049
2.14871121158713
2.68856928863455
2.42877547181997
1.86178093573642
2.26864106517153
2.18011501570058
1.96785961561499
1.885469422386
1.68979466087962
2.16966449825653
1.85650536822687
2.07876005827369
1.88543799658712
1.83428656387575
1.92758349674346
2.05137529017272
2.10935929428055
1.78652779860275
1.75147699967946
1.88085261837269
1.88092270314171
1.73229121830126
2.0377983636739
1.9042594377983
1.92051609152104
1.89331438975169
1.88303295315255
2.04222275056106
2.19320793271576
1.95223754887168
2.16310040908592
1.88117063753119
1.59593115021958
1.79966354698434
2.15254586516309
2.07629274743407
2.8173804528905
2.60956728676713
2.34532839840705
2.21652498369143
1.83560842899844
1.53331295566249
1.6367464624577
1.72869695518569
2.09480851777087
2.06265255990888
2.63220051811442
2.54059844104645
1.47883032508722
2.72014322629571
2.90027517342105
2.30407879913632
2.67591053169478
2.37788362781617
2.3606760344581
2.5501223011787
2.45885385050557
2.24399326659432
2.16991659054391
2.07318509651829
2.20113518466763
2.24903698151172
2.13044775073699
2.14334325993602
2.08674209452918
2.30623047839928
1.99277327667886
2.1836923266749
2.08269986581969
2.1767104740911
2.16690638815885
2.18138354622813
2.5981133288608
2.2679933288736
2.44758744707204
2.55478201529803
2.31135099087417
2.33883155335517
2.81413163986415
2.42557697108568
2.54551145472056
2.77762974991462
2.81513939661954
2.81905954985064
2.71301635441207
2.88915587811925
3.18387772391731
2.54338512407111
2.49301508525095
2.58564757811832
2.3372021587509
3.48174652171845
3.05285289160668
3.01913260803698
2.69090533286284
2.33051457225534
2.35921134298986
2.81665809368089
2.71021776915764
2.63587355124981
2.41025352292678
2.17843452084874
2.43064420535508
2.26436090657518
2.35421058264975
2.42371039930732
2.35258564784898
2.08403322242817
1.94961062591719
1.88699675855502
1.62532732014723
2.68321999706034
2.09002541517541
2.70827607597753
3.1619831817442
2.37755883987951
2.09639850868251
2.17157258814336
2.51389281689977
2.45393734980197
2.09412206743086
2.24163334063081
2.00516619588044
2.36652306231053
2.24170552226823
2.28772696937538
2.18073282289951
1.93045941714194
2.15400657056772
2.55097837629697
2.58294065126884
2.41314849604155
2.30757159151644
2.60085769349611
2.36305520204811
2.63793060256171
2.18937572233887
2.33038541802157
2.37246020737994
2.50713371827962
2.13775391138105
2.20648164823594
2.18896451352938
2.14216479728807
2.40841358412223
2.13587942944305
2.54384317744401
2.43123898751932
2.46602124255648
2.62000535177234
2.37744099604621
2.23548669778697
1.96215715648277
2.36975718950125
2.72126412923878
2.23852826106535
2.3338450854131
2.26813378237659
2.38089917784269
2.33075624395218
2.22651919520725
2.27972130171168
2.16126640322162
2.28720937889403
2.08131848147335
2.03051023436148
1.9786923094305
2.16473066864278
2.17893902947812
2.11581588189211
2.01820836521968
1.91386607230286
2.07667925162078
2.50602405263187
2.45752270006382
2.04195259607827
2.43127028609965
3.18761495772912
2.79995013124957
3.04429735253962
3.77003023228911
2.69462746627413
2.74400867720311
2.58467497494514
2.9289116217891
2.90957996919758
3.17631000866912
2.47761754401938
2.26552022515689
2.18657868906106
2.38503889408306
2.35255867867435
2.58545483155765
2.44937244421019
2.24366633067919
2.12946357100241
2.40611375034495
2.23497128089552
2.27223742880664
2.20122147410535
2.23326998453294
2.22071764864716
2.16881349377688
2.0801700104939
1.95736087140059
1.56501887811159
1.97928736685131
1.97914325914616
2.01123851894468
1.8247203539845
1.52666344781265
1.71184582088285
2.34092822480352
2.51417432427608
2.55670252453653
2.08344994028415
2.14078062073289
2.38990494592958
2.06658577384213
2.36865484958366
2.1920707241247
2.03842655145957
2.1401112861398
1.94636867733527
2.35255967567201
2.18067354994441
2.1355782679543
1.81726679292349
2.05690974978887
2.6956322967663
2.2213031394303
2.32677993848121
2.19559451813107
2.24100039264254
2.06319060557149
2.07970207640573
1.95489287386483
2.01067307690226
2.03433934004158
2.03277355659401
2.39654764698918
2.10963805919098
1.91678096670941
1.69945559804197
2.25292798101635
2.17758927509671
2.1643999107604
1.92447728406727
2.21498127212062
2.13083839804554
2.28630863632668
2.35379028205257
2.34770907385254
2.29558947187266
2.56905686561371
2.40685167534671
2.04674169912805
2.36696446505168
1.99357543145718
2.0130383545969
2.42617709521762
2.53813615887188
2.23696238131052
1.86228502368177
2.20582537441317
2.11716860509504
2.06409342715106
2.43670522943182
2.21007390775523
2.27836286036444
2.31351193950671
2.25516270937395
2.25884920679198
2.10865574760976
2.78898037113646
2.10840656418705
1.71081909126774
2.34815181668316
2.8016213959408
2.83639478679312
2.58936661401427
3.04571093458428
2.27456703449629
2.2128929494099
3.48333227332813
2.68055458527455
2.95820781071609
2.61798755445809
2.82500369460622
2.36501141037262
2.26432943888054
2.69153165810785
2.32778855020895
2.26056066884707
2.21651845396104
2.19737387331879
3.17242138833437
2.57912897589697
2.6493358031628
2.59188173952603
2.8363570006378
2.61430103782486
2.92519260319554
2.60168044493998
2.45598962135853
2.59232426951824
2.79744126204544
2.16256143897937
2.01249924041639
2.60121163220297
2.61603130535914
3.21392172281084
3.14534672410598
2.8953219678175
2.97086934171367
2.69781587403499
2.55555599102826
2.69756016348176
2.42229887980982
2.19766687516657
3.24964671402144
2.74566637666213
2.92846796164844
2.62405371034364
2.59714369384688
2.59666246714284
2.3040427369029
2.4244795377687
2.17937889540757
2.49692730437553
2.73036616058347
2.5411806887141
2.35261557278833
2.42672547688955
3.37310979223635
2.61513024235248
2.6496620409593
2.33362825206832
2.4124915007101
2.56966795570249
2.34972788705428
2.43534917126583
2.361541230704
2.37761775302395
2.48853621412179
2.71318045371841
2.57296109063933
2.85264592959951
2.67345762307679
3.01563968469907
2.82859483713384
2.1208507371161
2.61473088503746
2.87546248805013
2.53516144828495
3.22693771360465
3.27028797789198
3.02135082892489
3.01781987659467
2.97289544600055
2.93888401487133
2.17823492808106
2.38895138344529
2.40743399618592
2.50056331290937
3.06142172623663
2.5625903722184
2.74988003432
2.54858176100944
2.60332969079001
2.34349831090745
2.8476170666589
2.77681886987818
2.77935191987549
2.75763480103156
2.57206330404699
2.5728515316419
2.47658127659078
2.76232962726399
2.62686805867675
2.67614069436852
2.72920675748938
2.85084597390153
2.85787221937458
3.04052517807542
2.93409840121748
2.60753816860552
2.65354175196683
2.75930006027188
2.39086036593373
2.62025192924681
2.44962288168333
3.04305419540531
2.77471997742747
2.48202672262128
2.33919114576049
2.66144962734894
2.50620791657194
2.53346947905644
2.77059578822837
2.65832153219909
2.74634596627636
2.5679422407593
2.41310355265454
2.68825267487926
2.41404394177347
2.53329569754552
2.27760308892507
2.43493578744446
2.43409541985534
2.09750946783596
2.46374053864703
2.45123191509652
2.4069409439384
2.13146543013946
2.78480241309905
2.69591300300256
2.93177457777714
3.00355920480411
2.92561235344394
2.93434724274107
2.73197635516162
2.58654887680304
2.50896578221521
2.63204200408117
2.48491506035405
2.96462566596246
2.82220932620518
2.523149532534
2.44435902919152
2.6155833985845
2.41251748286617
2.50367863304011
3.13857248099244
2.75154212918474
2.93389891459043
2.70788128336393
2.8055890299731
2.62939170304735
2.53794217456583
2.6119544539355
2.47606080209025
2.46322617832344
3.11316975914456
2.52295827129641
2.11608580574093
2.49441521965935
2.80963154722424
3.24414113239331
2.75314660664819
2.69189508527337
3.30310731058161
2.80979787580652
3.11467776726971
2.93487362635756
2.87509970798172
2.57844662540046
2.93922913337933
3.22914699906051
2.88329247215136
2.98609348576777
2.98183619569582
3.17392321171475
2.97339180042217
2.9394116726094
2.71250711532958
2.59418637389112
3.01104514181454
2.46124541747828
2.56564059740498
2.78461474492167
2.94460490013145
2.66816709037848
2.47323836501575
2.54558491131166
2.58289675260379
2.81045006121676
2.58058202756755
2.6527428429006
2.49811461002927
2.77362002950747
2.68260296834938
2.46321392397704
2.32925707691169
2.7571581030258
2.65699601846567
2.36137644767498
2.99645378713194
2.47257115636762
2.3855622829552
2.96803783335595
2.7110965744148
2.51847791009803
1.98871777462308
2.46681027203344
2.37757368345794
2.74062715157851
3.13552814772028
2.68133313785413
2.44371906703638
2.55706395183306
3.23932801102172
3.09736784257236
3.70056719315329
4.10052300573703
3.40838282470582
3.48294286624831
3.25557133966892
2.66544831330297
2.69338895198729
2.74286928627594
2.62625211197174
3.40494032546065
2.69049244330524
2.47526562405208
3.03936045486645
2.89194294824447
2.85462538775552
2.57198628599182
2.53932603851669
2.61849238408903
2.46012522646924
2.5118150227515
2.70828900568777
2.68831555490275
2.38251182288004
1.83909571654477
2.49705806973298
2.45662789693783
2.51880073487111
2.61764521159112
2.75746030982415
2.43433392295808
2.52791859357242
2.53675961231187
2.81391650391747
2.6490415985202
2.39191743807763
2.40234365864485
2.43038636901931
2.7647796606228
3.13918421872128
2.72123492727283
2.82004602174787
2.56132148735491
2.18009820889732
2.52182757840598
2.32833320180975
2.46690584228159
2.7393882050075
2.78522444820394
2.54155666304392
2.68079321386475
3.20280773504836
3.15430170656933
2.60366361333594
2.61834364743735
2.50517185053245
2.52882490954003
2.28575006557781
2.76334249367429
2.73832202376698
2.93950649079875
2.60479005082061
2.60435625066102
2.53440579596179
2.68971787127291
2.66973685121759
2.56079509263153
2.2567373450312
2.55719107691979
2.71921032647247
2.57918514772103
2.38470556701862
2.40821235357328
2.21769193822034
2.51489104505037
2.25021420006594
2.46456776197312
2.2256341582909
2.3255525972062
2.2592957827373
2.30969744241319
2.61692853583144
2.32420374338419
2.34411935322192
2.37580421405377
2.4492650217382
2.27425424351029
2.39036370737725
2.53200533258138
2.36873752447123
2.23591780302891
2.21636918944881
2.23943487523678
2.15717860675238
2.32350227739078
2.05096459527406
2.17912388926032
2.05963123983518
2.00808924719176
2.1671271773946
2.21337442862525
2.14868629257203
2.59528552848117
2.40124659613221
2.70312151602132
2.28992331473747
2.49548759918216
2.46062616087073
2.27435469477627
2.43722299348138
2.46857956280786
2.50561323518385
2.72700084277707
2.26218201769072
2.5037061835552
2.0266353697393
2.21566386381119
2.60396256366137
2.26978828130226
2.25452003562796
2.52094681253573
2.20585853244824
2.43867521344602
2.64923957324303
3.02099683686676
2.51311530361002
2.40535398110753
2.30966998282384
2.2324455805247
2.39383608539047
2.53088123510643
2.65521691976277
2.3863726002292
2.63641434709857
2.40800657428365
2.47999076002906
2.46635951304563
2.43776398610719
2.44376946867763
2.54507640798296
2.52797247535761
2.56914539597921
2.48088073347177
2.28397052243301
2.60533873970447
3.03708215906297
2.52995578536532
2.46227274461842
2.51923623375582
2.70414321424754
2.60048183225351
2.45163619132754
2.57007127272217
2.38650017349561
2.28564377970816
2.65213015341714
2.83915480945026
2.96720721813096
2.95859757986985
2.83617227515978
2.64905277651871
2.32863644594885
2.44728036432767
2.37937990949397
2.25519352288084
2.48885019325167
2.62101366721109
2.3781578892727
2.39089830297041
2.40984682860962
2.47917569117506
2.18443100862772
2.20257694938784
2.29739231506848
2.14031424774194
2.31367057798916
2.62196627541027
2.27335045745656
2.24983648146351
2.22126280089695
2.15919746534465
2.08846632735584
2.37677279970136
2.58712028780636
2.72799398798885
2.93364443040226
3.13028952261431
2.96925131154354
3.17459148950929
2.78180175122394
2.63749236193284
2.88266544760019
2.87718141170808
3.50349097118839
3.48072581218651
3.16111233432836
2.97995730646993
2.89068014873756
3.30326750104403
2.66027412358942
2.82828274300036
2.99916246073583
2.97970560213838
2.68587598750047
2.4874193340937
2.97412053650454
3.3806026413937
2.94742164556985
2.7942352752656
3.15197503259011
3.56182692466453
3.56558548662029
3.90856739481707
4.00883067659795
3.33267187550427
3.64461090825435
3.4714388412813
3.18796076378069
3.42001092519444
3.55538396465375
3.71491102644245
3.09372437556874
2.97719851559202
3.1034423312964
3.18348446695681
2.93021627705692
3.33685000277649
3.07632155348231
3.09094395000421
3.13621214299016
3.24406869779889
3.0562764199504
3.38345600137779
3.22491033232776
3.49135562016082
3.51872649510179
3.68698542472711
3.49501603182428
3.68070774228733
3.93110081396392
3.44595684992269
2.9562371896967
3.08414131122859
3.04001273972299
4.16244961984493
3.10128879837711
2.94845189191219
2.98287350856635
2.9061159164409
2.9291420547283
2.94705046676176
2.79459211946095
3.02535339358886
2.83782528428334
2.75239553088781
2.62861229232041
2.75129620858784
2.48988802067826
2.63986523661993
2.89317035958119
2.7337374717845
2.68794338997735
2.54222643623864
2.67678856316279
2.66962812086383
2.44796493133378
2.52092406583715
3.14318410862134
2.57309742044511
2.38991454069674
2.28692021876796
2.5511808963925
2.5527932027289
2.34914958882201
1.70281424614436
2.74844494809827
2.75835186472083
2.79873411027675
3.02023468393758
3.04563283898616
2.55576797346599
2.89556322427627
2.78208322975736
2.71959628681995
2.88602325284782
2.78862776257626
2.63549843567785
2.80171555528696
2.69198255829738
2.40230885174564
2.77264786608524
2.76386235756479
2.71433021244716
2.34012246578856
2.52682974086128
2.63194638455943
2.98718544923592
2.73059722082457
2.68351157596882
2.7590350051288
2.87206978403468
2.76204032003495
2.95837435443768
3.38164674415734
3.20067095956765
2.71026498176623
3.05256767927714
2.94676412503056
3.17913494871883
3.24620037937111
3.07946568269622
2.79309111188037
2.88931883929903
2.82759395728857
2.93529327507646
2.82479224864493
2.99871915390343
3.03164654736792
3.1484074698282
3.16489122576423
2.81179062383749
2.96054945028026
3.10719683892781
2.8389415738328
3.18511958536348
2.98931649145727
2.93518730966077
2.96065196187562
2.74813163779229
2.75397819369995
3.11015928718989
3.01963309675624
3.30914873777977
3.20322786551821
2.98811846010631
2.99128124489222
2.953073454892
2.88778290517743
2.88244160360182
2.83186207203934
2.89249455042961
2.70548875426094
2.83493536890608
2.82913232246737
2.60561317204814
2.67715125952269
2.63204670478652
2.59481786794185
2.72965918323182
2.52390920350655
3.15245056292289
2.84730703669618
2.60559876889101
2.67988986376499
2.64734101299899
2.70460311614068
2.80404582709919
2.58931088209589
2.4523769502746
2.71616563120266
2.79074257118579
2.80972050479416
2.66311431865499
2.86101064815882
2.7377621368821
2.82687741162003
2.94225450422574
3.06322436395106
3.24774810003147
3.18851992939131
2.97609519223834
2.78377835102811
2.88348549312157
2.80771571248364
2.86331557993383
2.78315027826379
2.7835231653604
3.02354053358106
2.694009608162
2.8499649446001
2.8896447022772
3.06014735377827
2.95394245385764
2.82018305115126
2.88631566984802
3.49561436247426
2.66762649498805
2.93250529882285
2.63284321840458
3.01067219845359
2.60864192200596
2.55481012300845
2.57635657580039
2.86063098305334
2.84706015546064
2.99519978438222
3.04737710694134
2.83560578227677
2.89351660877584
2.97537942924165
2.63143221072246
2.64796841705247
2.5713556340027
2.53216411304058
2.53072277217617
2.65300153610555
2.86286807268905
2.57010824629814
2.61654894816187
2.53980944067462
2.64386211937516
2.3094912365215
2.51804411008775
2.51730757390563
2.67784717195929
2.64540487941838
2.49332058354743
2.20178870175159
2.28991973409984
3.0301515591536
2.605175995224
2.27443593602503
2.52008982695993
2.48348769121835
2.57644915340263
2.37030253303669
2.49743936746056
2.47466040729756
2.29156923498395
2.30073200031338
2.04682468459207
2.39511008193386
2.69849271933623
2.54455425528626
2.97908315055494
2.62618757572645
2.45645119111571
2.46289054793041
2.58688966699842
2.81804704760917
2.76246218673498
2.75172480222409
2.96251150113672
2.94039256226927
3.07043477048609
2.94753289153124
2.69894082379545
3.06132110673421
2.69814440262019
2.61929463534261
2.28930544034635
2.22308395927406
2.47288533108484
2.45012227291838
2.62390531942825
2.26205175678826
2.24097918106675
3.01238896436407
2.56486703919828
2.53429103142183
2.6398845910901
2.51906326622128
2.97943759231251
2.7651794428027
3.01019348958042
2.44035250898726
2.40452622144378
2.77899370643999
2.44352865717459
2.61702486392772
2.45604204372251
2.52148995520361
2.78918333929953
2.88393932046509
2.52781285988955
2.3351493902984
2.80496659423591
2.87832658067191
2.9628490250679
3.29373413521735
2.79914809400761
3.18927022314469
2.94234144866154
2.87167379578449
3.09027572857214
2.4373912563302
3.07865579560017
2.59969118397554
2.6008378927325
2.70859464853099
2.18530887182447
2.7081539486034
2.80728580687231
2.97374166238782
3.16079064828091
3.1607563804891
2.99802221588183
2.82547889388559
2.94345007116626
2.59384252435558
2.68305400820873
2.74644713478137
2.68412742533687
2.63303095668788
2.81118630636388
2.46907250289301
2.74448982400659
2.74298886435221
2.68591440217052
2.61716956731036
2.60097126863145
2.70565771620225
2.78501637864833
2.5203455628263
2.80495673148656
2.44238317274656
2.97334556536561
2.52768711378054
2.55725238764135
2.37194165165757
2.41352411600942
2.6284889683718
2.40216847477914
2.12616543752794
2.6229130744453
2.72899972512424
2.80795689948706
2.39803306066489
2.55859863148315
2.3978131578176
2.81691784152215
2.60073237181294
2.69924759731642
2.69369184328583
2.41009331241268
2.58607757161136
2.62070103479976
2.59107552949929
2.47162497642448
2.38934975715278
2.82651488516422
2.47493567648757
2.36339721991269
2.47012826186726
2.31371000968194
2.23065814177986
2.30500274993546
3.0688161265768
3.0246445593526
3.19401470642097
3.13019805754592
2.85169222721754
2.71338414045651
2.68627909083183
2.93510252741748
2.73614318400418
2.62383550108486
2.79870327554944
2.63014115512611
2.90089302461581
2.62745424569018
2.96000925544461
3.03057051463855
2.81537914425108
3.01448536288827
3.32938455898611
3.11083715635753
2.9261229805499
3.03651360878575
3.04655937655343
2.75856667760549
2.74469501746894
2.6074091201845
2.92424998938974
2.90257169304775
3.03633199871043
2.82930166599578
2.8956251507465
2.92637422624538
2.95734038216641
2.99341980809202
3.07265754451102
3.01730684117939
3.27501205664035
3.18773766419654
3.28462635979815
2.83234845625413
2.82871618320995
2.80076187989608
2.74131137419896
2.66978752787016
3.26499782818255
3.01943189935125
2.83532568431957
2.86575485942498
3.25960369082735
3.05888310974274
3.16762533297015
3.18102481106706
2.96982941590347
2.91256737358198
3.17151965212274
2.78284241015935
2.89911255849137
3.12486926480784
2.90525117022698
3.04252576100824
3.03489368949413
3.19141213077001
3.21358685703157
3.2060998293419
4.01283897318935
3.59642118538199
3.1752034146214
2.93194203797504
2.97689316247531
3.33546360692559
3.33483389727518
3.4288986823604
3.9214233208842
3.70253283119053
3.31269648972868
3.19009960740778
2.91339006880845
3.29760679032939
2.94846159751488
2.95504974926226
3.28830403684844
3.0679206914584
2.93371162613262
2.9623370904754
3.21294899790693
3.07769411349508
3.1069682719121
2.86073060759701
3.08719200632884
3.25193316966776
2.95973323817598
2.8684676963722
2.81653200936495
3.27086249408992
2.8600120372008
2.71050676449895
2.9844651005452
3.44768908271895
3.10925025126977
3.41545790005678
3.15601162624099
3.14067809850874
2.84684362612771
2.95930395217825
2.83839709044314
2.5550320247527
2.73867622582473
2.59147799758359
2.62014107829304
2.48614250664764
2.57750038964757
2.47417834312096
2.82216396108475
2.82947561322651
2.69352091569368
2.57455695012051
2.61249466801663
2.76546082521666
2.59010015946279
2.74333080316701
2.72882403913574
2.55904957591381
2.43630481479112
2.68649617036213
2.75955553033648
2.48979684884879
2.17498361582786
2.66926605484814
2.52524893430073
2.53498194494989
2.41447312915135
2.64782890569884
2.53661886375858
2.38017094635653
2.42461337186026
2.27469684787522
2.34664849182585
2.48624186104133
2.61519715095044
2.48694412915463
2.53388551144565
2.51401876231035
2.68673128001318
2.84777733437223
3.03901292373777
2.79812767670635
2.70428634925277
2.59037935903745
2.82068800289456
2.66597833236873
2.3712468560464
2.29613232144527
2.46563385292968
2.42820844564535
2.444762819501
2.23438232086366
2.28308917285061
2.42860499428398
2.48827444013532
2.24569358769882
2.20657389308633
2.39549962344297
2.36678640102572
2.26361460568741
2.20709426488425
2.26427521840621
2.24875459573998
2.18742088388456
2.32012663186834
2.42265342319795
2.33955015712487
2.46890730441264
2.30016177802041
2.38218947450915
2.63703367820352
2.49755921353345
2.64020436296527
2.4327140587085
2.56017742280905
2.70738946632179
2.67674446789413
2.90143539674143
2.79205339242754
2.87750567755953
2.53392086753352
2.78763834930071
2.82840161849311
2.62023615420652
2.75318514600121
2.82292532624219
2.75956789903198
3.04437337412955
2.77813056429512
3.06703338666198
2.85387924188767
3.13584854798681
3.410017628998
3.60490942998168
3.09990446249241
2.75812958136778
3.03573071600561
3.43197030864183
2.81838876884217
2.62854753100491
2.79809841395472
2.92119921122865
3.13939245698346
3.31529166737627
3.1746692982625
3.0100449385202
2.62628813100938
2.85208756473664
2.67132168295265
2.6242231568097
2.3957602330505
2.46390365207812
2.83542296479219
3.31002649709177
3.07990927111004
3.36891920868982
3.08516297694182
3.00685149020494
2.75930928459016
3.27257794028164
3.05955451723008
2.97875532864118
3.15648866506897
2.81025077331662
3.05296761504835
3.25353512777404
3.32312138095231
3.19313802734705
3.3477822617677
3.00012592016528
3.0060590286252
2.77308975011226
3.62712717565236
2.68225878662055
2.70839498773875
2.98865813275505
2.98854616083877
3.19554330808991
2.80745682970427
3.29001609726548
3.43678553132242
3.38799132031391
2.80403455905376
2.63265840504279
2.82014736706367
2.59448899886661
3.06350194815782
4.18114781732053
3.18166935111436
3.38985752734082
3.18810505047087
2.99336921011001
3.14063654986324
2.80593139354672
2.97573084889389
2.78710632867089
2.68778765247726
2.74556964361473
2.91234360527119
2.85743658986455
2.65377696035742
2.70725532576243
2.71448539126097
2.70407163444313
2.28992715344276
2.46179099136703
2.86784520069775
2.62513675427269
2.73062653814278
2.56408664355232
2.31246108629515
2.55482187393804
2.62490328461158
2.54075376727151
2.64103259390691
2.53486245826169
2.73696776557384
2.55474409746546
2.68124968898427
2.75013440896848
2.96492064802827
3.39187240105389
3.36550557899918
2.85997316755609
3.07443570096988
3.2264955232977
3.28914692338172
3.17269520469438
2.73065810632397
2.68825322407782
2.81795599806955
2.65075979849678
3.05232765572021
3.26050788338025
3.162822381673
3.63753236131066
2.93993675721092
3.20873956917664
2.83825356100582
3.27635007549562
3.4121002706198
3.619655102552
3.30533772184956
3.08781854712598
3.04480648107347
3.16496526085363
3.18255358521298
3.25939298343477
3.20757500572062
3.31770591431054
3.43159536029778
3.1002782420415
3.41502632491682
3.07381660636773
2.97751481997596
3.02169268668636
3.05106101938009
3.13107129660529
3.09988534660059
3.81967651967508
2.86099607041942
2.79206363867241
2.80074786473062
2.91220175313911
2.89417737499758
2.84053808692953
2.8311684509929
2.63025343713462
2.84036493619822
2.80657030573213
2.80436596055297
3.0285524180129
2.81353524024841
2.66169225926107
2.68059437299172
2.61772824408204
2.68013401963985
2.38763194331547
3.014958031243
2.79309549473633
2.74916854403901
2.64954851301863
2.54632600515024
2.65774742096618
2.74560316218357
2.70499781285429
2.55754553115803
2.60402293232196
2.53711666848199
2.66397658873188
2.76165712702034
2.54014530678188
2.62078890193786
2.61389749752957
2.63128851068076
2.64170708891434
2.36037160211677
2.62130026240182
2.63807499932505
2.68793007109312
2.8788426235638
2.73429580522485
2.72619274929952
2.83860424000905
2.7004791778218
2.76392491900215
2.59610496906498
2.72743407197916
2.90448719336792
2.85470618143164
2.7078427031567
2.55504594101713
2.20631393588027
2.50095072008766
2.75017091693961
2.71908201199283
2.63443391601242
2.984537313976
2.63770025937037
2.56888099571138
2.62067225580625
2.76729911396814
2.8755796709852
2.75932205934329
2.65140709062986
2.77700654238331
2.88931520712149
2.74310375650607
2.67187174127554
2.72878943599043
2.51215379776679
2.52181714440683
2.65864494756932
2.48953354274407
2.77124691488137
2.37529205264002
2.48271970572982
2.62764737102993
2.82512599061507
2.91141006340117
2.51541446764043
2.49610415076032
2.68180476481392
2.87373198602173
2.67616879759095
2.56250674738984
2.64951755345493
2.82078877429309
2.69187889010932
2.68571357821646
2.48964095851319
2.72413457101326
2.73568989385218
2.99357670841765
2.93063287206041
3.06413709966612
3.30798522981924
3.2688637658695
3.26381455315948
3.24665501896757
3.53131020863032
2.84388586340551
3.5510649753169
3.50462309359398
3.7946090420125
3.06556344115451
3.27701902971781
3.03403755719511
3.04066298678803
3.00729807860302
2.8619168814111
2.98194686535245
3.11029734463492
3.20339473353604
3.11552508623985
3.03404771706634
2.87762725848373
2.96442033403077
2.90011065339555
3.48605890786103
2.80551555961089
2.93359247445711
3.14150156537781
3.00706387146919
2.75447461101356
2.77816414311668
3.00513464856507
2.9609497771873
3.05544085773128
2.91173663404889
2.97454614630916
2.96516295349987
3.02442154267689
3.26175003218477
2.90198562733858
2.67245104782459
2.89188591556331
2.90336084139567
2.81642900137296
2.91804001436363
3.2406805686726
2.65772553111315
2.74855899535063
2.71877755847212
2.72420134459259
2.57708783244745
2.63083893461552
2.54658959191902
2.14524029093601
2.59381590731491
2.88881994528639
2.86818946661711
2.81438120659887
2.59223914931159
2.69050112202278
2.50844048022884
2.58853259590424
2.57515950805819
2.62727272723861
2.50901273024259
2.68358471840818
2.7372780984102
2.75764458422614
2.69604739342759
2.55524525367134
2.40932358409499
2.61794117691726
2.51898816054413
2.22881325833739
2.2213359755631
2.10077347109739
2.2859714041155
2.73608925994998
2.51346435148661
2.60998553243905
2.58176856920338
2.55488005393943
2.62514557823183
2.63960171003492
2.641823458994
2.41709023825502
2.54730739903325
2.63716313686076
2.45456474823423
2.60963563611886
2.53734765366378
2.53540390672295
2.53948265362834
2.38934936021858
2.33025836243483
2.79441209549272
3.20397161934153
2.67278621535202
2.55847238392403
2.74574559426171
3.06876111552565
3.10041536230652
2.92696810399841
2.96335439167715
2.50320886146885
2.52174187032042
2.57165882986911
2.52910588653096
2.76154842235635
2.69483296542988
2.78727316191334
2.88886095368837
3.08599852055651
2.74081037363242
2.86639438304911
2.84398352069706
2.83381969014255
2.69126972139125
2.71123242667524
2.76943337263056
2.78320949470626
2.75858900619946
2.66805408146788
2.39591434023783
2.57907170123408
2.58754130167356
2.35720540277393
2.36162660082262
2.51782116361201
2.57693999387818
2.3610412877258
2.61472542443475
2.54342570897489
2.47733150592897
2.74950758311677
2.55337913365106
2.54062831005688
2.47496423416379
2.54338641249911
2.49987550262827
2.68606901750137
2.57684833693436
2.65800198795445
2.48749926810073
2.67485605881742
2.74407038489117
2.64872002833963
2.70795173390132
2.31833698194247
2.53451752504335
2.9316920441205
2.35088042418536
2.43167491186197
2.73075538004301
2.68227571208706
2.81469346129484
2.76420269083249
2.65145281905644
2.57744841178671
2.85531604704922
2.79257145002822
2.82753093390642
2.72257671087364
2.76803496237248
2.67323326189653
2.81434820748918
2.75764575726745
2.63775644696441
2.38700401083086
2.79152366053553
2.64257609234662
2.51279552790922
2.50093906438592
2.60033424763585
2.69975007439774
2.70088273978861
2.5843915953457
2.65280564917712
2.53689341501543
2.75791585305637
2.71918272187981
2.86751951633528
3.05869753681443
2.85611808740683
2.91300616449158
2.98123989391865
2.85728463574934
2.86731799288488
3.1546762994384
2.88147881209406
3.3465548491422
2.81506031486947
2.83196766581198
2.89984659609022
3.1258094756116
3.08652593204857
3.36254557853369
3.12539274041509
3.63216376372723
3.26173099309262
3.03930316494154
3.06528133644171
3.30555589021617
3.21356720596581
2.62325178813523
3.17079375655829
3.17364308303567
3.44266151731917
3.61153851900925
3.49088956059177
3.66011722480833
3.61868055989895
3.58841306621225
3.4536149793296
3.50462599832386
3.98942400833448
3.92128158452943
4.05768571351452
3.98638327907285
3.60732857349266
3.31267854143546
3.5030450012727
3.40881065286171
3.47591306182624
3.50773399027813
3.44152993840181
3.46740793104463
3.48078933375355
3.38927873626991
3.35449570314849
3.1634472195499
3.40346107508253
3.46725894054373
3.57028270074927
3.20158892240151
3.0296829412103
3.14167605587251
3.298185498804
3.16752912803113
2.99293585509309
3.11068363406139
3.25695926015845
3.02541271836639
3.24732803387499
3.05682093299052
3.14232050333905
3.24698246268275
3.31107195950433
3.06207442765627
3.07059531022777
2.97575590053476
2.91583130296335
2.90120038146575
3.1848135513048
2.94951540042194
3.17436413253301
3.23367222126189
3.19905391171834
3.11813243740405
3.25428780351303
3.45375730131947
3.32861298970873
3.21131423577225
3.2286569607453
3.52278437720413
3.4112465581245
3.42078709042467
3.49945492472122
3.59556895231536
3.60125498045889
3.62183659864701
3.70515037805024
3.6016639229401
3.34652358918624
3.29348838990184
3.31867227884536
3.24689198658544
3.08157653648457
3.18926458869716
3.17631649837233
3.11359103185674
3.25057181690354
3.28167738021798
3.25528493550155
3.16647802836399
3.3796626186086
3.24957948600167
3.38026324671441
3.28208543131205
2.9663332413505
2.90443961802451
3.48665180493322
3.10551743556577
3.10261742019267
2.87592111893875
3.00820577450468
3.43230489882096
2.91190532225826
3.02748292199515
2.82223371364153
2.97112342700626
3.00133816669589
2.87221541228572
2.80233999153817
2.83955186811083
2.76416735227732
2.94056726588688
3.09684881390023
2.98394826895969
3.15893463639057
2.96810364174011
3.13996912303745
2.97040140556094
2.82159433164987
2.78802297282757
2.95832161752229
2.85210570938127
2.651911520754
2.54391515802347
2.75030693486842
3.0189541951698
2.61636882537868
2.65898170648736
2.74836401131748
2.82888706198356
2.75159295686576
3.06113180854668
2.75972380454279
2.7164890588152
2.82216076170924
2.7690085653944
2.69027639120806
2.94241120791841
2.74263646322229
2.62411215978282
2.67062084668399
2.86329586006935
2.64635458932364
2.72811739572536
2.8508732628991
2.8824836707352
2.99479878322045
3.26188887098367
3.06354823484164
3.14284273083929
3.08477168195619
3.26894507159078
2.92658462283045
2.9916583244033
3.1834089338375
3.15570316678261
3.15158881448527
3.09982413061168
2.90556943614535
2.90246501298776
3.05350101087302
3.20768260414149
2.87281731351719
2.67607458066268
2.79793694236517
3.05895994980728
2.79589240890391
3.18521344020799
2.83664574473092
3.02076284905881
2.92795453918973
2.74717934685155
2.58053956120812
2.90520065229127
2.96227057720882
3.35935755168541
2.7121248901084
2.86839831395799
3.09334683700706
2.8288949109795
3.2487255441306
3.35518019658565
3.09868089134081
3.00654827848111
3.14596535289392
3.01664105382818
2.92230114015468
3.06338917843189
2.97826534596892
2.88733103225375
2.80520559075269
2.84237100054017
3.04263008715242
2.6664085431179
2.81303803723067
2.91181480348242
2.94326632318405
2.89948331743205
3.13186015395228
2.80189860750966
2.9368347728361
2.7566609892372
2.65438058947457
2.77132047798416
2.56425652496757
2.80775841624883
2.84975806877759
2.66339224039502
2.59889655064247
2.65449732644983
2.61999948200634
2.85310376208154
2.89201059868001
2.72391806366313
2.79557645625472
2.73202362809073
2.78301572369522
2.84696237627075
2.73142937138342
2.59284911051674
2.4942076013184
2.58333206870057
2.56217944983644
2.65991514292578
2.56644768822349
2.59857446215827
2.84656462884335
2.82577668644571
2.65836651576007
2.44398656014543
2.60132094093844
2.66992570795888
2.77957515268863
2.68511812779464
2.69463136207832
2.74756589389457
2.57313136077273
2.80053650902977
2.9546099113021
2.61236781809179
2.59622594203327
2.60221759534786
2.67305358152615
2.66105961397232
2.4388753213584
2.67554898050461
2.64081398769737
2.62963147994921
2.56984672345179
2.46702950755212
2.5444804279081
2.85992501888239
2.60407901035089
2.71574221633716
2.69432659574983
2.78555108744132
2.55347990673664
2.51286064972709
2.52798711172711
2.68878843019387
2.62406902214019
2.58313035597521
2.75277166806849
2.8814633837039
2.62901120493636
2.65052643298165
2.53216212480021
2.5435310750666
2.85485071758882
2.61128013705427
2.78255826049332
2.77551896146459
2.79643402940092
2.95338375817629
2.63807127500681
2.91925848603212
2.79002683780471
2.84939796720391
2.89589870448894
2.90200664885101
2.69111857579012
2.52400353287706
2.53241017494773
2.52416279276278
2.47133689701123
2.54595240323258
2.24407107622885
2.2034600561544
2.45878313818898
2.31612809114051
2.68141817779235
2.57753050996684
2.44657918042535
2.66619946662762
1.94544037501716
2.37541126223666
2.34277090966958
2.63095410049058
2.62480735082381
2.40731769101368
2.46345364317872
2.29674324330345
2.2136654296044
2.44005051240999
2.34166417991395
2.51891501227615
2.36452477409108
2.21559860805841
2.22865163693109
2.23419367075932
2.28464273165849
2.40392468938805
2.30697923274234
2.58262865254834
2.62633587085716
2.84943097931649
2.55171090229784
2.84250368483858
2.60131629313543
2.54738958223061
2.62088818036943
2.20630685128322
2.58639537713285
2.51825883111441
2.54990472857222
2.32731132345535
2.15630352359982
2.28601119838561
2.36899924505951
2.43117555729841
2.4153903472315
2.34433819993632
2.37738372802355
2.31731771107434
2.54112960112814
2.5766699289336
2.3617526434832
2.33277622551906
2.39485103843516
2.53089350451423
2.27554926196762
2.29221759496013
2.1410961665697
2.38196912140604
2.33474886702891
2.49414006766731
2.20652957884944
2.04775490324028
2.1390397121781
2.21674860278251
2.42291134312764
2.46476223604439
2.47191970209818
2.4011700859693
2.62313490969548
2.34729541051294
2.14400466935671
2.35789650685451
2.3108403851681
2.23865174688325
2.15906079266033
2.27950320387367
2.22961384630714
2.33023396893444
2.17354547810259
2.33064728717224
2.27990708441421
2.25491362318362
2.16052686026318
2.42932649901179
2.12545579698488
1.98675617317243
1.99524636721191
2.40910952935576
1.98580195435903
2.03336397231042
1.99007235453134
1.79177855144674
2.36691561454619
2.09216459109618
1.99201333527699
2.13468220474956
2.16350960055054
2.40136559195829
2.14096051495038
2.36368384713125
1.96591223945884
2.46327016620952
2.26795346302154
2.16413113974208
2.2990414891587
2.33684001510898
2.31045489208952
2.18697179733441
2.25570136815024
2.62548488573112
2.70247746212558
2.39359939755407
2.57645701025487
2.33856306191681
2.41464445069173
2.35765678872278
2.31259851138964
2.03301241589992
2.12893581643451
2.39902220743266
2.08483999618682
2.4641767560721
2.00909419884366
2.05892251429027
2.39284676484916
2.43251670720224
2.39644777903017
2.42241242093245
2.21454722523961
2.14826998854024
2.28279259673614
2.12054860587218
2.33655784239463
2.13681716089343
1.785777182151
2.65007960326433
2.23959640376295
2.39681754057471
2.47226452300659
2.7659534535316
2.49872718693273
2.64582058550606
2.70833042000956
2.06736466305574
2.77210168616233
2.37062158822876
2.71140876956767
2.59689431030946
2.80382564404755
2.34145931781259
2.20573133568297
2.25548966200325
2.34064823181829
2.20589344833678
2.43513707715412
1.94547162725774
1.96338339466022
2.32959206061235
2.38012807390227
1.81873783737354
2.41880504010946
2.45336324553736
2.58370475372136
2.29781859461126
2.15996076080064
2.38690193812589
2.62750166692699
2.50618116042649
2.29464921052204
2.34999815959105
2.45661336643571
2.41511087252577
2.78961518042954
2.8220274934518
2.78405777554443
2.55419695051768
2.42830512617427
2.77726118427607
2.78515212879003
2.40282977852814
2.85850848732737
2.75170917151461
2.82602107026633
2.84395388844464
2.32733364931496
2.5087797038091
2.38676415079615
2.37980182819376
2.51145182765617
2.45661882719371
2.34404841575429
2.33608855263549
2.17895991290005
2.13917136429485
2.33214821873503
1.95062221497191
2.02004735219534
1.99544177666816
1.7426447779974
1.95982206723125
2.18149929352897
2.16005243784771
1.99235843004885
2.22134128363045
2.15009861600947
2.16567829571506
2.19582576400215
2.07482316089902
2.3379360125784
2.45671910463007
2.25677612317185
2.09774415430988
2.07284598418466
2.44551467299313
2.18614512059253
2.27633686382652
1.82866246826126
2.32335651933728
2.24682967058525
2.42590928786558
2.40848036910804
2.44528223578525
2.71580811824405
2.31873923447606
2.52848157430866
2.37720737021108
2.4109437715543
2.41532762168831
2.22975785082359
2.30131950952774
2.44368818862365
2.66197773613735
2.17729279554689
2.24929877318097
2.52216100223044
2.44631870225277
2.43425996922064
2.2649550125414
2.14716961344315
2.33501856700025
2.17322758370299
2.20535031461695
2.11073476413526
2.11413342625545
2.10403927516846
1.89662029486584
1.8521790546217
1.72421743521092
2.09409907442299
2.45554027582789
2.25210418697854
2.18952596040125
2.0415581472141
1.94950489001829
1.91151622752941
1.75325955737188
1.98989028353509
2.24600417063383
2.07264670285107
2.09528626789528
2.2373504629576
2.01716345604017
2.07019301578523
2.11998377574672
2.08506486647849
2.07113328020506
2.0457032974647
1.95431676254763
1.98344516192884
1.9727354539013
1.81587565460115
2.1802573312161
1.70754907197649
2.09173839084266
2.21385444642731
2.23025964757568
2.25305444633446
2.29565962209503
2.34814786866137
2.44106174717211
2.47615248700619
2.33434631716126
2.47276207902968
2.23944935577492
2.36858741522454
2.27659211844427
2.21255350596838
2.01497060349263
2.39857086251532
2.48793261786024
2.26310969085764
2.37833187130994
2.04192680145726
2.04807314899008
2.19378240185751
1.95591296581949
1.97937036753652
2.08888691750599
2.0279183312699
2.13388495617744
2.04330801661015
2.19267601265845
1.9696349866607
2.22695941689093
2.09442527824338
2.33583189747336
2.39660031862035
2.14324166086401
2.26915274425283
2.40012394877089
1.96213529050703
2.23372166945899
2.18956325075819
2.2728309282076
2.15076667904198
2.00369876406794
2.04685747819593
2.08578385734922
2.19655803392929
2.37190049823586
2.11977214879648
2.00304190288277
2.00007289053803
2.39380226247698
2.43383114657148
2.48811285155394
2.38793939162578
2.64977909921791
2.31048074872896
2.40746747735741
2.47898971118144
2.29606534542517
2.24435300005666
2.22160390789497
2.28706355022298
2.4535980354479
2.35711780076383
2.47789609805513
2.21867202703646
2.24512379456588
2.31703760608468
2.30034750744786
2.21316873009654
1.98090778360436
2.12349781275146
2.10441121560691
2.15989469700106
1.86528728834929
2.03972062532588
2.19632541697035
2.16134679072448
2.29318165474393
1.84687243440406
1.98713667571026
2.17851634280607
2.10160723904781
2.12929596735959
2.26876215911899
2.33712509319079
2.30268824390711
2.11269023156807
2.25409903890745
2.20893116679295
2.31343312420197
2.32975151738875
2.31105013575065
2.1473873073309
2.17810019609207
2.58025373889629
2.69519768666226
2.38967858965232
2.2373497429271
2.34479930781112
2.36653407180846
2.24025690794321
2.40745703582189
2.33939780392577
2.44971707649394
2.58128927920889
2.27391658525017
2.13660493034659
2.42911933842454
2.25996203924056
2.27465399283359
2.64932654166727
2.40426879259389
2.31066730133688
2.23198396142713
2.24516673909319
2.11641218084008
2.11170200887685
2.49817950807674
2.38778572518113
2.57724383034433
2.80133947501402
2.74324785807445
2.43875859306683
2.77848956920353
2.55601721816734
2.61079143009702
2.43948092602853
2.47399090857698
2.58846229988681
2.64318142811933
2.74366034758626
2.24250816505264
2.57143102160108
2.44777561959299
2.69696944251719
2.54741874933608
2.21794241725284
2.42870915642107
2.69985800596211
2.61254289477936
2.70612862858787
2.35771286589716
2.35515486556614
2.34029557586762
2.31103270428564
2.17821739908647
2.13929776834457
2.35138772284827
2.14240920146496
1.99640158548898
1.76287335749552
2.22026902045854
2.39497869889273
1.99946805644786
2.29316494625696
1.8942187796595
2.33084562711239
2.06188748851373
2.48931060469931
2.12825215914188
2.28060797120207
2.29340773983325
2.23032437572285
2.04234783379228
2.21400867460759
1.95880743069635
2.12553941716924
2.15656148643561
2.34881285902069
2.30008905008939
2.13565585557208
1.85851737526906
2.01140574915894
2.29411659954097
2.11518503336548
2.19212121458168
2.17685669389549
3.18646905320389
2.32952028630981
2.11548007018577
2.1577662711798
2.13324637320061
2.28349969701479
1.96228878983035
2.01683221977595
2.21527466727047
2.32889460491423
2.82591925558738
2.18071687005102
2.07601772040149
2.11166682952343
2.02013449211569
2.04681070664503
2.10156258124173
2.06821940997937
2.07193509246864
1.92693876610301
1.99401755690112
2.1619566344116
2.06256594544896
2.05236032270919
2.31525326338244
2.2875251290369
2.19430538962096
2.14394319141036
2.19366379372704
2.39116874698125
2.27304811752172
2.03007932468803
2.30019738252883
2.20516337594464
2.40541955552116
2.02970578940044
2.23864568875106
2.28382693169459
2.47998830224611
2.66987148068148
2.52590451977921
2.34378292818031
2.14277319689475
2.03095266959086
2.40175209455026
1.9018345204287
1.94013929201367
2.16181053723535
2.15874719623159
2.20263493495732
2.09261631661536
2.03449541506082
2.34698086140038
2.38485983390626
2.55004584969299
2.30591373948375
2.28367370189927
2.288663372401
2.18703806837023
2.42011804689645
2.12458279300442
2.17609378368164
2.31654850864831
2.49705299519505
2.77665166522643
2.55658927561947
2.5050348816037
2.64617276493343
2.79771450395144
2.76076337472597
2.59787502727257
2.34115256210707
2.37801456149089
2.63645759634483
2.78693146189841
2.73759963395021
2.59618661551261
2.50746395043505
2.70463664563623
2.58440582451202
2.57827711547753
2.40731595915278
2.30676045398161
2.26645397431605
2.41206635199437
2.29959539021104
2.23304061547333
2.13541957513307
2.29055126737891
2.37159424342307
1.58554907870987
2.02654813001655
2.21038717796455
2.17889248611832
2.01754905558577
2.22308898067654
2.02814732839667
2.10146330641761
1.88066693435853
2.05206765190586
2.09440470190728
2.37738878795861
2.07436853597038
2.01881206576483
1.99978112697232
2.16059079659645
2.22449568340204
2.61716962612411
2.14939878886291
2.05861906638499
2.32560305980464
2.06517909408724
2.17195272174081
2.18134127279998
2.06916352160181
2.10051794551286
2.08339168974796
1.92425390402499
1.56728498132412
2.12277869910447
1.82069697490139
1.93870077737319
2.5170844008392
2.27877974064505
2.20089108765133
2.25633475304847
1.97765565616295
1.99914785252691
2.06810872406495
1.95975581889448
2.09998418596033
2.35899656621045
2.46154241418117
2.12177280790551
2.4955763907094
2.31528441746487
2.24653993392111
2.54484861345562
2.35023401980358
2.43850582248925
1.89809345455622
2.36810518099466
2.33486751362487
2.40556755993969
2.51138878461405
2.11885132144039
2.40932035221767
2.15085218075883
2.18908796430204
2.41741552404668
2.18320718921455
2.34506216747213
2.34745670292223
1.95679231690318
1.9352275380588
2.22946378849182
2.12012368931887
2.16783895863548
2.23149028532494
1.93541096773844
2.24759312891295
1.97708943758718
2.1629638085244
2.53635936226533
2.26996656970767
2.29506424172782
2.29893530451885
2.63234242983426
2.44938924032387
1.97497328204136
2.00049356221206
1.95038080069423
2.0888974826419
2.08448321933325
2.05923514208347
2.29558084597976
2.18260318474044
2.14206945797736
2.06798943793061
1.90674538872458
2.31174281018545
2.12082176641123
2.32665283713744
2.20292378053438
2.16893345874539
2.24807843894535
2.15708776271371
2.11782820982619
2.55380092154696
2.08921333851623
2.27043401323554
2.09983401214676
2.20590903076185
2.09598694004868
2.43108169442255
2.3896748516452
2.36194464361332
2.2299970393337
2.04587775738073
2.35988474833962
2.25349836274667
2.7409277103991
2.30771902079894
2.41990697558242
2.0768800401132
2.11667952179823
2.05111989421924
2.24723894251119
1.61546984118018
1.60371619807758
2.31809110676145
2.34329517962757
2.5822530963012
2.70536850347854
2.30749391271445
2.86458607111222
2.66167322473086
2.76953358877891
2.94616648442078
2.75812103501864
3.13805639021736
2.5189225352189
2.35993981313218
2.44162838173045
2.6933190072977
2.44252149369703
2.5845561520302
2.47479757821869
2.82183348684896
2.66374671678766
3.33970509271951
2.70620986293427
2.64835934486849
3.04997970893115
2.93798834698826
2.61254740926179
2.57335771755999
2.68916408774125
2.53237495458956
2.53462683788761
2.45913132366179
2.58108801853652
2.20896452603397
2.34821188141936
2.2780718921091
2.61855959609476
2.24565960983862
1.66761309355298
2.13647471984314
2.2152516195871
2.55629613024589
2.19538324550006
2.30851279781542
2.3471509840217
2.70557230539015
2.69884257401647
2.71231099237856
2.80658524120584
2.78446210673109
2.52558617827962
2.64483419947764
2.41162349258436
2.49979094074329
2.50328157923715
2.55480287597958
2.40554670669206
2.19429789580274
2.19349044580209
2.24884689315422
2.295957033109
2.69922163661167
2.28856846920607
2.7074839161295
2.43999884015175
2.62458854631805
2.27582146474441
2.08846781223167
2.38290075464369
2.16803216684246
2.01968021799057
2.06851587805613
1.91201715672815
2.20435241431777
2.15939900023892
2.12229888577288
2.00376157968376
1.93377867975866
2.12950441932187
1.99985879511741
1.91631887004821
2.02740653344029
1.90562268267183
1.91429254737696
2.80984503049904
1.96793188898483
2.20310834922672
2.13912182810466
1.80773139844229
2.05016978875594
2.17231516235878
2.09130394858428
2.19402822229979
2.15420607903961
2.2462722365968
2.1178844783783
2.28369879133204
2.24686704317316
2.35157373614163
2.02218994608517
1.90019848788609
2.01939869641853
2.15427327026521
2.15199978494728
1.91445455295278
2.18848505929732
1.74446045683634
1.96396946063313
2.14911047437114
1.72950405206127
1.78015102601012
1.50069571501668
2.07763402058393
2.32521924733516
2.04084553478661
1.88367391751936
2.15013743325049
1.94977982728342
2.21651951470337
1.99100948398298
2.17920274547555
1.98955082454141
2.16185343973431
2.20239808309255
2.09034172622898
2.3371665329371
1.98246388500614
2.07828883061731
2.36171759119327
2.16732673201105
2.01521167445342
2.00003104669016
2.30913505678149
1.98316878222251
2.08977924730283
1.86433588325415
2.12713743827229
1.64808091075351
1.78042258518831
1.69781548387379
2.25467624052683
2.44912407297892
2.19300248679708
2.45004649113063
2.55538345888189
2.11492737549335
2.18918598268476
1.94753217158242
2.73391572261335
2.36483440918583
1.71771384268657
2.16818851778937
1.91299186177712
2.10900980066395
2.10444023657299
1.94717684746225
2.3110032833458
1.73244743992293
2.0432408261065
2.08961477722273
1.76772416767559
1.94733001181106
2.14068233695701
2.51555732339269
2.48446034064712
2.44585265721485
2.25549086199006
2.32701625652304
2.32419008201627
2.14313171405012
2.12550428053316
1.99108904526938
2.19377587370013
2.23429702707542
1.99525638883643
2.03342027788212
2.09832818062933
1.93235241398453
2.06258905144016
2.37916706573132
2.0912117310615
2.01348528053334
2.29278048664581
2.02242786923078
1.93591868107377
1.73320657129843
1.81517050446326
1.70262766267537
2.01994600972027
2.1562138140439
1.95005437435164
1.75183348268908
1.86927930762962
1.82162095472602
1.6051383248873
1.86624501701105
2.07290070535451
2.05070044910016
1.98821907662351
1.85698049488707
3.27322898088935
3.12146487327547
3.29761844640371
2.85937492220798
3.0065479672755
2.65802365463779
2.55817845471733
3.00286824368503
2.55124783141505
2.25550215502871
2.7601178164807
3.04025381872549
2.61807085693649
2.5227122575514
2.19346482978602
2.14124657659303
2.64307543433174
2.28447877025478
2.17903453977294
2.43096753462016
2.46114220566575
2.593900642977
2.4837581037288
2.66458517354159
2.39478666668172
1.96599158714162
2.12072282438293
1.47483764860802
1.70448640971767
1.83154044966852
2.22076948071477
2.13333978406779
2.11475811622556
1.71184079100238
2.14977219388817
2.08570786691709
2.2613637843485
1.99408620358638
2.05474811178225
2.28158213549044
2.16776644425827
2.08672432638854
2.21485106655159
2.10744680154478
2.2833911744506
1.85934651442436
2.15665346272789
2.18990342577364
1.64704571012209
1.85113181832103
2.3071138262162
2.32548909120508
2.1710722824207
2.15084018013802
2.56608516225377
2.20441086292596
2.03061936207904
2.09241447807562
1.90497691658142
2.04277186849468
2.18279991204933
2.53904541112829
2.11899978114329
2.21692306450652
2.34554524687335
2.02812164867972
2.12604907427727
1.96337826573674
2.25979560819126
2.33217350727656
3.13361890756407
2.77798839133876
2.33744040874714
2.60717304481948
2.66078715264103
2.26684525253305
2.23963159064005
2.00739540268594
2.15257806978484
2.42720060151604
2.72842334893048
2.73309516169447
2.79516710304421
2.71908741495652
2.64711992689775
2.58472892828648
